              precision    recall  f1-score   support

 T-shirt/top     0.8692    0.8840    0.8765      1000
     Trouser     0.9949    0.9830    0.9889      1000
    Pullover     0.8935    0.8810    0.8872      1000
       Dress     0.9117    0.9500    0.9305      1000
        Coat     0.8692    0.9040    0.8863      1000
      Sandal     0.9929    0.9830    0.9879      1000
       Shirt     0.8328    0.7670    0.7985      1000
     Sneaker     0.9684    0.9820    0.9752      1000
         Bag     0.9861    0.9900    0.9880      1000
  Ankle boot     0.9780    0.9760    0.9770      1000

    accuracy                         0.9300     10000
   macro avg     0.9297    0.9300    0.9296     10000
weighted avg     0.9297    0.9300    0.9296     10000
