              precision    recall  f1-score   support

 T-shirt/top     0.8435    0.8840    0.8633      1000
     Trouser     0.9930    0.9860    0.9895      1000
    Pullover     0.7819    0.9500    0.8578      1000
       Dress     0.9025    0.9440    0.9228      1000
        Coat     0.8969    0.8260    0.8600      1000
      Sandal     0.9839    0.9770    0.9804      1000
       Shirt     0.8558    0.6530    0.7408      1000
     Sneaker     0.9617    0.9530    0.9573      1000
         Bag     0.9841    0.9930    0.9886      1000
  Ankle boot     0.9510    0.9710    0.9609      1000

    accuracy                         0.9137     10000
   macro avg     0.9154    0.9137    0.9121     10000
weighted avg     0.9154    0.9137    0.9121     10000
